# ("Frank Welker" OR "Kirk Thornton" OR "Wendee Lee" OR "Jeff Bennett") AND Family
6847
1407
6535
9512
5153
1584
7168
876
4516
5590
8831
8619
2646
1719
2553
5515
2448
5772
6232
7275
4731
221
6515
5257
1024
452
8825
1959
5569
3504
6219
4073
7639
1963
5762
5497
9140
2370
6229
545
4920
7304
6021
2089
9097
3192
8007
5492
7200
7064
3273
6239
5784
8537
5006
294
3270
6057
1793
6549
3291
6723
6520
8991
1406
3670
630
5249
128
4156
8450
1861
4267
3636
8814
4408
7004
1101
2686
1831
7010
3697
647
6380
5057
1471
6207
3989
1807
5676
9764