# "World War" (2 OR II OR two) (action OR drama OR thriller) AND -documentary
#
1791
4862
5952
7655
8240
3872
7956
1217
6100
5095
4901
3050
5912
4585
6609
5023
4778
2971
9617
340
4818
4796
990
2119
2922
3122
3691
6293
1509
6139
4318
2651
2137
3820
6671
3448
548
3077
6821
237
9378
6065
8384
6357
5103
3383
5494
1435
8460
3908
8685
8437
7931
1003
2498
9731
9531
1206
615
3738
2592
9326
9746
8255
3007
5529
3932
6861
2455
4990
1697
3339
5955
3722
7381
4157
7432
4746
3003
9526
380
9542
9202
6205
3486
7188
6751